                                      mean      sd  hdi_3%  hdi_97%  mcse_mean  mcse_sd   ess_bulk   ess_tail   r_hat
alpha[log_avg]                      3.2487  0.0315  3.1941   3.3084     0.0011   0.0006   755.7245  1150.9561  1.0001
alpha[log_sr]                       3.8846  0.0139  3.8583   3.9097     0.0005   0.0003   878.4472  1457.3796  0.9992
beta[log_avg, format_odi]          -0.0967  0.0167 -0.1258  -0.0633     0.0003   0.0003  2608.6868  1721.5807  1.0008
beta[log_avg, format_t20]          -0.3184  0.0203 -0.3578  -0.2798     0.0004   0.0004  2188.8962  1599.8601  1.0001
beta[log_avg, debut_year_scaled]    0.0344  0.0229 -0.0060   0.0794     0.0007   0.0004   995.4154  1156.8570  1.0019
beta[log_avg, debut_year_missing]  -0.0969  0.0305 -0.1476  -0.0342     0.0011   0.0006   743.1594  1191.0396  1.0005
beta[log_avg, is_lefthanded]        0.1934  0.0363  0.1239   0.2617     0.0011   0.0007  1001.2069  1313.7943  1.0004
beta[log_avg, position_order]      -0.2099  0.0119 -0.2327  -0.1886     0.0004   0.0003   945.6202  1197.8563  1.0013
beta[log_avg, age_at_debut_scaled] -0.0037  0.0239 -0.0462   0.0451     0.0007   0.0005  1046.0680  1419.8053  1.0017
beta[log_sr, format_odi]            0.4574  0.0085  0.4411   0.4726     0.0002   0.0001  2388.5905  1777.9859  1.0000
beta[log_sr, format_t20]            0.8491  0.0100  0.8306   0.8675     0.0002   0.0002  2352.1120  1665.2071  1.0023
beta[log_sr, debut_year_scaled]     0.0432  0.0102  0.0229   0.0622     0.0003   0.0002  1096.1888  1447.2889  1.0033
beta[log_sr, debut_year_missing]   -0.0891  0.0136 -0.1138  -0.0639     0.0005   0.0003   802.2756  1319.5845  0.9997
beta[log_sr, is_lefthanded]         0.0277  0.0158  0.0001   0.0581     0.0005   0.0003  1117.9955  1507.2467  1.0022
beta[log_sr, position_order]       -0.0260  0.0052 -0.0355  -0.0156     0.0002   0.0001   991.1297  1338.0928  1.0005
beta[log_sr, age_at_debut_scaled]  -0.0060  0.0105 -0.0239   0.0147     0.0003   0.0002  1085.1829  1504.8642  1.0006
chol_u_stds[0]                      0.4657  0.0116  0.4443   0.4878     0.0002   0.0002  2281.2035  1974.6682  0.9995
chol_u_stds[1]                      0.1987  0.0056  0.1878   0.2087     0.0001   0.0001  1642.8709  1815.6659  1.0000
chol_u_corr[0, 0]                   1.0000  0.0000  1.0000   1.0000     0.0000      NaN  2000.0000  2000.0000     NaN
chol_u_corr[0, 1]                   0.7251  0.0191  0.6876   0.7599     0.0004   0.0004  1885.0788  1604.7983  1.0013
chol_u_corr[1, 0]                   0.7251  0.0191  0.6876   0.7599     0.0004   0.0004  1885.0788  1604.7983  1.0013
chol_u_corr[1, 1]                   1.0000  0.0000  1.0000   1.0000     0.0000   0.0000  1987.1768  2000.0000  0.9996
chol_eps_stds[0]                    0.3570  0.0064  0.3450   0.3689     0.0002   0.0001  1524.5814  1650.0469  0.9999
chol_eps_stds[1]                    0.1817  0.0031  0.1758   0.1875     0.0001   0.0001  1614.9060  1549.0465  0.9996
chol_eps_corr[0, 0]                 1.0000  0.0000  1.0000   1.0000     0.0000      NaN  2000.0000  2000.0000     NaN
chol_eps_corr[0, 1]                 0.5211  0.0181  0.4880   0.5554     0.0005   0.0004  1599.7522  1300.0921  1.0004
chol_eps_corr[1, 0]                 0.5211  0.0181  0.4880   0.5554     0.0005   0.0004  1599.7522  1300.0921  1.0004
chol_eps_corr[1, 1]                 1.0000  0.0000  1.0000   1.0000     0.0000   0.0000  2043.4590  1860.0464  0.9993