                                       mean      sd  hdi_3%  hdi_97%  mcse_mean  mcse_sd   ess_bulk   ess_tail   r_hat
alpha[log_econ]                      1.1584  0.0103  1.1390   1.1777     0.0004   0.0002   718.4129  1058.2715  1.0012
alpha[log_avg]                       3.5827  0.0179  3.5489   3.6151     0.0006   0.0004  1049.8972  1000.2975  1.0001
beta[log_econ, format_odi]           0.4598  0.0056  0.4497   0.4705     0.0001   0.0001  1867.7818  1399.5301  0.9998
beta[log_econ, format_t20]           0.8658  0.0069  0.8524   0.8783     0.0002   0.0001  1724.3902  1449.0878  1.0048
beta[log_econ, debut_year_scaled]    0.0421  0.0067  0.0295   0.0540     0.0002   0.0001   908.9724  1077.2396  1.0025
beta[log_econ, debut_year_missing]  -0.0996  0.0090 -0.1157  -0.0817     0.0003   0.0002   831.6622  1153.7601  1.0069
beta[log_econ, bowling_hand]        -0.0564  0.0104 -0.0758  -0.0367     0.0004   0.0002   870.9422  1026.1692  1.0008
beta[log_econ, bowling_type]        -0.0197  0.0108 -0.0414  -0.0013     0.0004   0.0002   761.1419  1190.8870  1.0014
beta[log_econ, position_order]       0.0238  0.0035  0.0176   0.0307     0.0001   0.0001   792.9288  1240.4446  1.0024
beta[log_econ, age_at_debut_scaled] -0.0213  0.0070 -0.0328  -0.0067     0.0002   0.0001   790.0778  1352.1178  1.0032
beta[log_avg, format_odi]           -0.0596  0.0126 -0.0825  -0.0361     0.0003   0.0003  1901.2248  1345.0883  1.0006
beta[log_avg, format_t20]           -0.3786  0.0153 -0.4051  -0.3485     0.0004   0.0003  1496.8640  1466.3927  1.0012
beta[log_avg, debut_year_scaled]    -0.0224  0.0114 -0.0442  -0.0017     0.0003   0.0002  1373.0623  1304.7853  0.9998
beta[log_avg, debut_year_missing]   -0.0597  0.0153 -0.0881  -0.0303     0.0004   0.0003  1273.1804  1504.5758  1.0003
beta[log_avg, bowling_hand]          0.0370  0.0184  0.0010   0.0682     0.0005   0.0003  1285.3349  1593.2376  1.0000
beta[log_avg, bowling_type]          0.0818  0.0184  0.0484   0.1163     0.0005   0.0003  1334.6670  1807.8224  1.0002
beta[log_avg, position_order]       -0.0249  0.0059 -0.0366  -0.0141     0.0002   0.0001  1101.7096  1163.9416  1.0005
beta[log_avg, age_at_debut_scaled]  -0.0179  0.0119 -0.0408   0.0034     0.0003   0.0002  1601.6089  1562.8983  1.0005
chol_u_stds[0]                       0.0930  0.0038  0.0853   0.0995     0.0001   0.0001   861.1032  1027.0600  1.0000
chol_u_stds[1]                       0.1271  0.0084  0.1112   0.1424     0.0005   0.0002   264.7417   582.5677  1.0060
chol_u_corr[0, 0]                    1.0000  0.0000  1.0000   1.0000     0.0000      NaN  2000.0000  2000.0000     NaN
chol_u_corr[0, 1]                    0.4007  0.0634  0.2789   0.5144     0.0029   0.0014   465.9564   992.3241  0.9997
chol_u_corr[1, 0]                    0.4007  0.0634  0.2789   0.5144     0.0029   0.0014   465.9564   992.3241  0.9997
chol_u_corr[1, 1]                    1.0000  0.0000  1.0000   1.0000     0.0000   0.0000  2140.4934  1235.3437  1.0005
chol_eps_stds[0]                     0.0971  0.0022  0.0933   0.1019     0.0001   0.0000  1024.6910  1364.7172  1.0000
chol_eps_stds[1]                     0.2211  0.0050  0.2116   0.2300     0.0002   0.0001   679.1685  1261.0173  1.0005
chol_eps_corr[0, 0]                  1.0000  0.0000  1.0000   1.0000     0.0000      NaN  2000.0000  2000.0000     NaN
chol_eps_corr[0, 1]                  0.4733  0.0255  0.4244   0.5205     0.0009   0.0005   819.1264  1486.3147  0.9997
chol_eps_corr[1, 0]                  0.4733  0.0255  0.4244   0.5205     0.0009   0.0005   819.1264  1486.3147  0.9997
chol_eps_corr[1, 1]                  1.0000  0.0000  1.0000   1.0000     0.0000   0.0000  1936.4197  1879.5118  1.0016