                             mean      sd  hdi_3%  hdi_97%  mcse_mean  mcse_sd   ess_bulk   ess_tail   r_hat
alpha[log_avg]             3.0382  0.0197  3.0026   3.0754     0.0009   0.0005   484.7781   766.4772  1.0053
alpha[log_sr]              3.8131  0.0086  3.7980   3.8304     0.0004   0.0002   581.7194  1164.2327  1.0067
beta[log_avg, format_odi] -0.1068  0.0167 -0.1365  -0.0749     0.0005   0.0003  1163.1979  1263.9019  1.0018
beta[log_avg, format_t20] -0.3365  0.0195 -0.3706  -0.2977     0.0006   0.0003  1068.4333  1347.3558  1.0026
beta[log_sr, format_odi]   0.4546  0.0085  0.4383   0.4701     0.0002   0.0002  1264.8774  1344.6645  1.0036
beta[log_sr, format_t20]   0.8477  0.0098  0.8301   0.8669     0.0003   0.0002  1015.6599  1428.3786  1.0029
chol_u_stds[0]             0.5365  0.0126  0.5132   0.5605     0.0003   0.0002  1609.5842  1586.1799  1.0007
chol_u_stds[1]             0.2066  0.0057  0.1955   0.2168     0.0002   0.0001  1145.3694  1047.6013  1.0014
chol_u_corr[0, 0]          1.0000  0.0000  1.0000   1.0000     0.0000      NaN  2000.0000  2000.0000     NaN
chol_u_corr[0, 1]          0.6906  0.0193  0.6559   0.7286     0.0005   0.0004  1264.8720  1412.9019  1.0024
chol_u_corr[1, 0]          0.6906  0.0193  0.6559   0.7286     0.0005   0.0004  1264.8720  1412.9019  1.0024
chol_u_corr[1, 1]          1.0000  0.0000  1.0000   1.0000     0.0000   0.0000  2024.9314  2000.0000  0.9997
chol_eps_stds[0]           0.3565  0.0062  0.3453   0.3683     0.0002   0.0001  1163.5313  1600.8681  1.0008
chol_eps_stds[1]           0.1815  0.0032  0.1756   0.1872     0.0001   0.0001  1071.3385  1175.1741  1.0011
chol_eps_corr[0, 0]        1.0000  0.0000  1.0000   1.0000     0.0000      NaN  2000.0000  2000.0000     NaN
chol_eps_corr[0, 1]        0.5204  0.0181  0.4863   0.5538     0.0005   0.0004  1104.7985  1433.2505  1.0014
chol_eps_corr[1, 0]        0.5204  0.0181  0.4863   0.5538     0.0005   0.0004  1104.7985  1433.2505  1.0014
chol_eps_corr[1, 1]        1.0000  0.0000  1.0000   1.0000     0.0000   0.0000  1846.7777  1804.4724  0.9996