                                 mean      sd  hdi_3%  hdi_97%  mcse_mean  mcse_sd   ess_bulk   ess_tail   r_hat
alpha[y1_log_econ]             1.1183  0.0062  1.1062   1.1293     0.0002   0.0001  1360.2598  1396.4953  1.0015
alpha[y2_log_avg]              3.5365  0.0110  3.5153   3.5568     0.0002   0.0002  2091.5993  1651.1613  1.0013
beta[y1_log_econ, format_odi]  0.4575  0.0059  0.4467   0.4688     0.0001   0.0001  2268.3839  1502.4770  1.0005
beta[y1_log_econ, format_t20]  0.8661  0.0075  0.8516   0.8794     0.0001   0.0001  2558.7308  1625.7249  0.9997
beta[y2_log_avg, format_odi]  -0.0638  0.0130 -0.0880  -0.0402     0.0003   0.0002  2071.9610  1590.4247  1.0005
beta[y2_log_avg, format_t20]  -0.3867  0.0160 -0.4166  -0.3567     0.0003   0.0003  2102.6762  1747.1534  1.0001
chol_u_stds[0]                 0.1181  0.0041  0.1105   0.1255     0.0001   0.0001  1849.6155  1539.0359  1.0021
chol_u_stds[1]                 0.1360  0.0088  0.1206   0.1535     0.0004   0.0002   490.0552   771.3621  1.0021
chol_u_corr[0, 0]              1.0000  0.0000  1.0000   1.0000     0.0000      NaN  2000.0000  2000.0000     NaN
chol_u_corr[0, 1]              0.2721  0.0603  0.1596   0.3871     0.0019   0.0012   975.7456  1360.6072  1.0034
chol_u_corr[1, 0]              0.2721  0.0603  0.1596   0.3871     0.0019   0.0012   975.7456  1360.6072  1.0034
chol_u_corr[1, 1]              1.0000  0.0000  1.0000   1.0000     0.0000   0.0000  1510.4002  1878.8161  1.0002
chol_eps_stds[0]               0.0970  0.0022  0.0928   0.1009     0.0001   0.0000  1769.2444  1887.0809  0.9993
chol_eps_stds[1]               0.2215  0.0051  0.2122   0.2313     0.0001   0.0001  1191.9986  1456.0722  1.0010
chol_eps_corr[0, 0]            1.0000  0.0000  1.0000   1.0000     0.0000      NaN  2000.0000  2000.0000     NaN
chol_eps_corr[0, 1]            0.4735  0.0253  0.4260   0.5212     0.0007   0.0005  1435.7765  1330.3894  1.0001
chol_eps_corr[1, 0]            0.4735  0.0253  0.4260   0.5212     0.0007   0.0005  1435.7765  1330.3894  1.0001
chol_eps_corr[1, 1]            1.0000  0.0000  1.0000   1.0000     0.0000   0.0000  2154.8718  2000.0000  0.9995